2625
2600
2602
2608
2680
2603
2596
2579
2634
2650
2629
2638
2592
2561
2659
2588
2604
2660
2591
2679
2617
2647
2622
2644
2653
2615
2619
2676
2649
2675
2667
2641
2594
2576
2677
2606
2630
2656
2678
2607
2587
2578
2646
2645
2643
2636
2623
2583
2672
2589
2661
2673
2584
2605
2612
2668
2599
2580
2585
2611
2655
2586
2662
2670
2620
2601
2635
2593
2618
2595
2663
2671
2597
2614
2669
2665
2658
2598
2633
2642
2628
2609
2651
2674
2582
2610
2652
2666
2637
2577
2654
2581
2657
2627
2631
2624
2613
2621
2632
2626
2664
2616
2648
2590
2639
2640
